6893
5682
5487
5275
9968
7870
1868
780
5368
8942
4679
4514
7374
8760
9972
6823
1526
1492
4046
108
1378
4238
8048
7849
4684
8265
9192
8666
5065
1096
2590
2303
5357
3346
2510
145
1640
2925
3887
6369
3126
115
8088
7487
9562
5012
2388
3090
4287
6331
8351
3421
4672
3585
1991
1630
4879
5804
4230
1511
8804
5999
1992
3265
5890
8881
7064
376
2632
1506
3296
109
7000
615
7575
6741
479
9981
2002
1032
9372
2882
4685
9969
3397
4799
4447
7462
7463
1055
7714
1790
5937
447
3254
8600
1094
7494
4495
3190
6123
6347
9068
6714
767
2668
5541
8190
116
5435
2015
5939
6452
7217
3305
6523
9397
1577
1
3462
1380
58
1444
8563
5919
6948
511
6172
8317
9287
5193
8631
9861
2951
4057
7815
2312
3706
7899
1214
878
9833
3900
2610
406
9806
667
5871
1559
9945
7878
7163
1659
6053
4118
1528
3430
1802
5570
9859
4883
1073
3480
3505
5213
5521
7560
2578
3377
1632
1931
5219
6318
4966
7950
8654
2538
2745
9625
6829
597
3475
3089
905
4646
4197
8750
8547
9667
989
4345
8315
5523
1235
1924
9421
6657
4456
8971
8468
2228
1366
2340
3491
173
1308
53
8411
4278
8633
2544
405
5719
4932
8113
9194
7191
3632
3967
2825
9262
5167
5968
215
7861
3273
5734
7805
6902
6021
6299
6712
9499
7238
6560
9656
5051
8632
3005
6694
5309
9430
584
4585
9776
1298
2000
7938
9088
6089
2221
5491
7749
6481
5418
8081
6533
4070
6543
7056
3971
2655
9941
847
662
4590
671
5202
9736
7358
6597
5427
4339
7070
985
5958
8067
9604
4815
7468
8035
712
3754
4099
737
2739
8623
1696
5976
1826
8817
3842
9324
6226
3608
9339
6027
8070
5480
6883
2242
2815
5796
8478
440
4594
7287
2924
8514
1135
3483
9890
7096
1897
8065
274
9249
5580
1416
3295
8054
8263
8075
7210
9670
7413
1633
6879
2257
4921
9749
6754
6279
6870
925
6682
8812
1913
3326
1069
8084
6881
3969
515
3059
2681
3348
7641
3749
504
1755
1335
302
6931
6901
8905
5365
273
4475
5813
3382
2750
2683
563
5515
2790
157
1495
1940
1774
8989
8775
7954
7867
1935
897
3182
942
6968
9147
3011
8447
8502
3487
8554
7908
1259
4297
6641
9706
201
8806
9977
3010
4759
6134
1664
5273
1356
3837
8678
6498
3161
5110
1442
9626
9327
1355
4836
9821
776
1628
859
4066
9310
4577
7692
3423
8450
5540
399
2288
9391
3799
552
9985
9395
5860
5410
1859
6077
9260
7773
6801
8528
685
3948
7046
4257
8614
5333
7073
559
9033
4726
2950
2785
9517
3633
6976
4484
9241
5159
6638
2738
3128
1362
4752
4828
4943
1677
37
1347
2011
1703
8458
5712
6835
9190
7531
6182
8697
6109
3607
494
8094
9896
9665
2250
3070
146
7
1022
3732
596
1014
8006
5428
5832
144
691
7392
61
2177
7903
6841
104
7314
1736
1673
6277
7565
2048
6939
9602
4616
849
8677
6052
5638
9536
8496
3696
9055
3980
48
6329
1318
7398
937
7225
9093
5331
4963
8239
9647
554
8373
9030
5417
2445
5462
1418
2803
1875
5324
1588
3923
7438
6316
9177
7521
7965
1471
307
1371
5979
4261
5791
4980
9166
4163
4769
8728
8312
1291
8769
6457
2721
9407
4505
199
7262
391
1340
4907
7683
6421
6813
9509
4554
3710
3878
4053
677
6673
5207
7853
2535
9497
4606
4599
290
10000
7087
2561
9250
741
8393
3851
4494
1742
9804
9765
6171
3563
6223
68
4355
3436
3286
7675
2744
8787
998
8002
8850
9014
924
8184
4854
1536
5855
2989
4228
6895
55
7778
1093
5166
3452
8237
819
2718
4346
1275
5640
2756
1334
7623
8980
7748
8952
6552
541
1001
3044
1979
7653
3368
9508
42
3308
2836
7246
3065
7717
7774
1493
6535
8721
3099
606
1723
9120
6377
8243
6100
4700
3080
1627
8283
5022
1524
2968
9393
227
5711
8336
8490
8845
7236
3527
5311
6483
7784
169
3115
9632
5371
4849
100
7567
6925
2595
1321
1667
3720
2871
2943
735
9015
3178
8791
718
6188
2831
8518
2379
4777
4169
2508
7574
7586
1964
8686
1263
8486
8784
4009
9319
1977
7113
5362
7294
7869
8704
522
8270
7863
5282
2465
5922
6363
7119
4269
3689
6001
9286
39
4173
5864
6558
7771
9174
5532
6050
2374
5904
3532
7840
3621
7009
3071
4852
6229
9367
3825
8655
4951
8372
7208
5974
9114
4132
6866
9340
6999
4934
7987
3464
7305
4729
6496
816
8651
8575
8005
5991
9112
1478
1963
4779
3507
3365
5157
268
2500
2405
164
5551
5033
7841
1310
2408
531
7312
5959
356
525
1473
7907
4334
7166
4875
6929
2398
6623
8433
1973
3376
7062
311
560
8904
1500
5111
8617
5412
3121
2817
1196
4542
426
7606
6484
7963
8208
4404
4508
9762
954
1803
1544
7630
9054
3685
9996
722
34
5514
5710
3138
4617
9757
7596
2223
4571
3653
3002
6161
551
2690
1721
7918
2482
2218
3440
3546
7686
9142
9618
8703
8761
3463
5093
4784
6459
6556
2900
165
1840
2107
5139
9786
3823
7332
2358
1145
4019
1185
4240
8505
6088
5377
792
7981
1027
5758
9650
5820
9178
5704
1461
3391
4960
9414
9795
8604
4186
3353
5271
8725
3004
7796
3122
7798
5814
1618
5575
2833
1608
8992
5313
635
9235
6516
1360
7129
2588
8815
956
8884
9726
7661
4007
7280
3236
8400
5345
4937
5185
8292
5884
7719
5036
6857
9092
7775
7893
2966
7103
9314
4335
8209
6213
8051
9746
4400
2455
9692
5614
7475
4573
9258
5086
5661
8036
8545
7990
629
7176
3124
3747
6579
2666
4556
3684
4183
3519
9371
9911
8359
1017
6348
6199
7023
9768
7251
50
7449
6417
7941
1800
8399
7456
7871
5869
1582
3883
9089
9754
8130
8566
8722
5226
6486
725
3359
5344
5829
8700
6758
4982
4474
5687
6118
6955
3972
1645
2799
2099
2876
1052
3257
1889
1990
2338
1383
7277
4844
4563
2647
2755
3092
7290
6464
7620
8712
3345
3964
9939
1139
350
5288
9915
4973
828
7344
5619
6559
4408
9679
8432
7794
2005
1901
2248
221
3088
9016
1499
4751
6586
4288
9971
3068
7445
3155
9410
744
3013
1986
5688
3935
6784
353
7780
7417
4352
9683
9008
6049
3320
1241
2505
7444
1603
5089
8083
3116
6877
3238
2079
8053
5001
9171
5689
9722
1799
1573
3205
669
3707
6216
7020
6650
4337
6303
4958
6790
5090
7759
4856
438
1281
7697
7558
2202
3151
5718
8959
7944
4867
6087
2158
6551
8530
9238
7144
4253
5631
2691
4503
9716
4202
8785
13
3617
7817
8367
6141
94
6017
4195
4705
4209
1326
4125
1882
1007
1947
2173
8233
6986
4148
130
5605
1190
3760
8168
1514
9211
7061
4412
8280
8440
7315
817
9780
3029
5419
8825
3328
2033
5696
9802
6729
5636
4871
9545
5936
7946
6676
3042
7455
3194
5458
5802
6527
8542
7829
3560
8533
7659
4792
6924
4693
6081
265
3149
1626
1969
5764
7799
4603
5984
6575
5882
514
1605
5297
5174
3717
2687
3179
7916
8535
7431
8732
7495
2947
9957
1921
261
7732
3728
3100
8204
3727
172
8968
1873
533
7325
2948
5132
1662
1009
9464
8034
3206
6920
5891
3325
2235
1191
9478
1124
1110
536
336
5539
2830
1674
1038
6012
6422
701
7224
8142
4725
8550
1061
7366
697
2780
5545
9085
9489
1545
7822
9775
7007
7890
2166
5683
2517
7549
4618
6028
8175
4050
9528
6466
9747
2326
8012
5745
969
5137
4292
666
6555
3049
6209
8689
7054
14
8796
4986
7422
6880
9087
1081
3695
5666
5905
3798
7894
5463
6834
1751
5214
7152
1675
45
3137
675
3451
9232
6250
9510
5751
6731
3850
3303
2604
8682
6045
1282
2971
9195
2105
482
9877
9696
503
2121
698
4942
5671
963
6687
639
4909
5244
1363
4265
5201
437
9824
2027
9684
8588
1060
7540
2549
460
8307
9259
507
608
8537
912
6289
5672
761
6323
3811
4985
6777
7440
2378
2778
4878
3940
6749
4671
1313
6529
6094
3572
2366
7126
823
5608
1738
3846
5102
9660
5953
6407
2486
9732
2986
8132
6502
8582
7433
430
7363
4039
657
8258
1365
7611
7234
4908
1037
9718
329
5863
1548
768
9188
3280
9335
4063
1914
5803
8979
1564
4159
665
9906
5400
2219
8724
8406
4279
2742
2598
9983
4067
9943
2273
9459
6181
6726
2404
3306
2689
1417
4968
6508
2667
152
63
605
4131
8925
9009
9844
9624
9336
7548
5973
7566
6143
1074
2100
2162
3000
8289
7528
186
8510
7341
663
1208
6370
4640
2612
7491
4331
7529
6819
7326
7028
1419
3437
7530
850
3379
4924
5583
9917
6276
3201
579
9390
4741
2586
2349
8977
6153
4454
2630
2083
5504
1811
1637
3915
6950
6240
5674
8831
389
1527
5837
4357
526
3231
7691
7852
9742
4252
2877
7477
1975
2120
5301
9523
2435
6307
2661
8082
434
1555
3573
7687
5630
1805
8052
178
5163
7109
3693
4690
755
6936
496
6828
7354
9418
6013
2546
4340
2476
549
9046
4048
4739
3241
301
67
9037
86
2497
8525
6947
1409
2895
5807
1410
9617
4933
9901
8322
4642
1450
2653
7135
6387
2426
5390
9584
7600
7589
1260
5798
6977
4192
1734
9004
9559
4913
7624
3399
8483
9481
6872
1010
8974
8092
9263
1950
594
1042
239
3418
3905
1852
1398
4489
3335
5737
3835
7665
2347
7609
3796
7769
6610
726
275
3486
2323
5725
529
1777
7757
101
7767
402
8442
4379
2072
4901
4302
6160
4241
2872
2406
3101
8395
802
487
2672
4157
4305
1439
6230
8943
9682
7407
3565
4555
3252
8532
3826
2503
9876
7414
5413
9119
5378
1056
5916
7637
2267
1660
4375
8758
5076
7848
9905
5641
5913
602
3844
8837
5838
2282
6667
2012
267
2506
4662
9838
6135
1174
6041
9730
6900
9731
1682
2645
1012
9991
6563
3828
5194
9196
508
2042
2391
1543
4731
5775
2175
5075
8225
4342
5843
5535
4215
2116
9355
1091
3315
6273
9693
861
33
1144
6532
2737
8003
4327
455
9360
184
8851
9744
1861
6691
83
7139
11
6518
3949
7787
8723
791
2287
3316
5651
1317
8673
1617
509
3529
4915
1942
8338
6952
3147
2793
3671
2800
2512
8741
5961
3021
1949
2062
1945
6298
3943
4341
9342
1008
1878
5993
2547
5136
9951
2256
4791
9480
9204
9052
1804
2126
8513
3394
9639
6192
7632
6630
7133
7411
9106
6368
2813
5092
3052
1057
5720
5047
4144
6287
4624
9837
3478
1005
2685
4586
3533
2480
9468
3401
203
9028
1319
7328
7425
9377
4023
3458
1741
3568
429
9785
4522
8350
6511
1159
8593
2160
5143
7003
1622
9254
3477
8583
4709
8316
3025
894
5574
2617
3446
3067
5334
236
5094
2308
6601
9997
4995
4708
9729
8201
7184
5117
2380
5270
2056
170
4735
4264
1907
2559
7350
5267
1481
9913
6528
5158
5146
9487
631
2342
7004
1598
1759
3913
577
8997
6905
6241
8241
9526
4235
8080
3053
5361
7746
7801
851
1686
4022
7703
8840
2963
6838
2302
8915
3551
8858
422
9879
7706
9561
474
110
5346
9343
6411
6572
8219
2240
1787
5770
8061
6022
3990
7261
7369
5319
1046
9281
7512
9415
4013
9213
8684
6469
5990
7618
4256
9568
4569
3657
9042
3407
3857
4526
423
3804
2280
7751
860
3733
2156
7436
425
9040
1687
7945
3003
2067
7573
4374
808
3658
5663
2835
2633
8087
8540
414
6016
3288
6732
6513
4610
260
6849
6645
7725
3775
4650
8771
7429
5877
5801
7617
4071
2467
978
5304
6193
4940
6096
6263
6220
4139
2220
8602
9138
6106
2418
9349
7742
2193
5589
5247
884
8272
7338
3111
3592
2322
7372
3457
7885
9848
3791
5182
1143
3449
4615
4113
2686
5957
4020
451
7273
644
4198
5969
7430
2088
8907
4620
3916
2810
7844
5074
1179
77
2148
8659
2046
8713
4427
6503
1491
8133
9942
1496
2957
2781
4926
1733
8896
6003
8363
5867
2855
4293
7272
5227
9348
1729
9658
3150
9920
3287
5259
4407
9699
2615
390
5861
189
6958
4630
31
2373
4619
2319
7729
5494
4756
3856
5397
5384
8702
6064
2728
3889
634
4416
4366
2888
7200
4041
2304
2471
378
9301
4085
2952
8379
3447
5587
8430
7091
3587
5262
8376
9495
6319
7156
2897
8176
9891
6367
6882
5927
2201
7042
4424
5175
3699
3716
5568
2263
7628
3721
1125
2165
3569
7237
642
965
4579
1775
2328
9471
7994
413
3290
4065
5740
7409
2038
433
450
3845
928
8382
8629
6151
4623
9387
7461
2961
8459
3388
1704
1130
2501
2589
1851
7525
716
8
8932
9381
2291
8019
4092
818
8042
4394
3555
9816
6311
6397
3216
7892
9358
1016
7386
7268
4005
7951
473
6711
3583
5353
625
1705
4443
6794
4552
5817
1760
1900
4064
9677
4605
6807
4262
9197
4130
3508
4151
2664
7458
2084
2709
1381
6574
5868
7968
9113
4439
2055
5186
3064
409
7011
876
5302
8705
1825
2991
971
8893
7352
5467
1065
6791
3863
5898
9900
2229
6664
6293
3293
9018
5536
2190
8875
5889
5888
5670
5784
8076
3402
4330
5865
5439
3616
7327
2585
5308
5369
607
5489
6443
9032
3614
6219
249
6637
9514
6975
3882
4821
3815
3009
6613
22
8011
5731
190
2478
85
7415
9209
695
5788
2883
9353
5714
2052
6672
3820
9072
9361
7319
4755
5127
4808
8824
5061
9219
9181
3772
9666
1211
9362
2074
7541
2392
7883
6938
1968
7505
285
20
693
9734
9868
6972
7045
5724
4016
821
9111
7097
8774
5395
1899
3649
4102
1860
3705
6640
6091
5198
4162
8694
3623
7434
2706
3162
417
8482
3485
6562
8211
3797
844
3906
7634
8294
524
5112
2113
2920
2820
6910
4440
5179
7705
5237
1989
2749
9331
5084
6380
1149
1948
7138
6228
5059
57
4757
5029
8031
9908
8475
7010
3086
1227
805
4397
752
3246
7860
3050
9707
1344
2487
3885
5141
8660
3640
3538
8446
4550
111
7552
7098
4974
315
8546
9029
7741
6082
9518
3594
160
3511
3746
5994
7107
78
864
5534
7802
6863
9723
2696
3134
5172
4694
7868
1869
73
4950
833
1919
2821
6867
1222
1707
2707
3416
1082
4721
8026
4807
6626
9585
1890
9932
4150
384
4853
5046
6874
2805
9024
5183
24
4949
2573
2851
6590
3579
9741
6388
8109
3999
3468
9587
6763
1784
3008
8676
7025
8743
6569
5268
2400
3176
8708
4471
6011
7244
3603
836
5239
1111
856
9956
3910
6588
2662
8577
6400
237
592
9926
8260
8118
6812
7038
4201
5606
5461
8435
6137
799
6785
656
4402
5351
3808
1560
65
4504
4581
43
7789
4306
8000
9661
4673
6364
4383
4140
1146
3901
3951
4678
8902
5123
9101
214
7795
8197
1844
4944
7473
1021
4490
7682
1795
9149
2754
1126
3605
5585
9986
4763
8141
2187
2061
7388
2694
9283
6465
2066
7993
2350
1305
6765
889
5547
6302
4075
6098
3793
5254
3424
5199
5499
2483
5381
8491
5299
4923
650
6598
731
5797
5846
319
5591
2809
687
9045
8557
4817
5597
2008
5787
689
8377
8876
1114
9764
6860
682
8709
198
9513
5464
4095
4333
1353
2255
2314
472
3104
4559
2368
1906
550
3997
2996
2844
2087
8526
1672
1710
4438
5293
9555
2967
1062
6379
7500
3351
4544
6967
7016
2369
2626
7936
9800
8688
5069
5524
6818
360
2390
5567
3079
6270
1829
3285
8136
4323
1651
5315
3233
9709
9234
313
1791
5015
6856
3494
505
9828
5721
3853
7298
8248
7174
1220
5878
4263
4098
5690
939
5546
6911
5026
9007
8560
4814
516
325
9512
8331
407
986
3602
6314
2539
293
874
4450
4320
6684
8108
1569
9003
8378
9227
5650
4146
2849
5375
1835
4167
9792
4361
5557
3932
9864
6979
8499
9803
3812
361
4827
5563
8111
562
8422
3227
3170
4319
5935
7542
3800
5424
5352
9333
4109
35
1599
2258
1427
1254
7035
1697
8437
2103
940
6159
8863
2082
373
6237
4314
7143
3768
6942
5422
9011
2137
6982
9637
9629
2244
8032
7309
8425
8038
9441
4537
6227
7855
3492
2488
1459
1247
5032
9811
2827
9150
7441
5685
5373
5238
5819
2671
955
5848
7307
8077
3334
674
7216
4363
599
5673
1053
2518
7127
8439
7819
1346
1655
4698
2389
1457
6448
5005
9405
1658
778
5549
271
4750
6526
6927
5150
1262
6916
5756
5209
7048
4706
2393
4801
3875
4991
7081
161
2740
6455
3514
7864
4530
5632
9556
1384
445
8555
6678
3074
8872
2041
5497
6093
191
3687
9170
6709
4076
7043
8894
7243
7874
5593
6132
512
3805
8290
6700
910
8361
102
1338
7880
8846
2172
7069
3580
6416
6265
9929
6698
1199
967
8180
9169
9059
6796
2090
829
5447
159
5615
1847
4675
8744
3084
7102
2751
8434
709
21
9701
7872
8117
4737
4449
5425
1101
1944
6815
6351
6119
7215
3455
6169
6685
9131
3654
7149
9756
8027
7827
4318
9066
1059
2362
4788
2247
4848
9818
5858
2329
4711
5147
1391
5997
3737
8279
176
1936
3060
6644
9230
1525
6582
4754
7121
3899
7423
8515
1151
980
8693
941
8240
7036
5041
988
1387
7972
775
7995
1930
6217
9236
1293
4299
9461
2792
5125
873
3639
3396
5204
4917
6026
2064
2281
3790
3864
6692
7220
8767
1230
1068
4214
5669
4948
6315
887
16
6140
1357
4153
5988
1422
5604
2609
3435
3481
4894
4918
7788
6788
1165
4354
9841
3740
2636
6768
9006
8956
4925
3495
3432
6103
9488
6971
773
5772
1206
5883
8799
9492
5707
8594
2111
9189
9136
1807
5511
1327
5786
981
2761
3970
209
1150
7698
3203
8453
6399
5484
1476
5482
1532
8195
3739
6352
3839
8985
1849
1786
7626
6491
5258
7496
623
6514
359
617
1290
886
394
1153
1004
4029
6435
3840
8253
5767
5554
9620
38
3017
9966
7835
7921
8424
4583
9451
9380
6282
9737
7806
6429
7029
923
5648
9172
8498
7227
7929
9681
4786
5827
9091
7396
1643
8078
7365
4778
192
6104
4500
4743
4242
342
9035
3135
6170
2371
4232
7779
8827
6677
1269
1594
9060
5322
2215
8608
7218
4250
9069
2416
5836
1607
9224
8202
3787
5746
4161
4349
1746
304
7930
5501
5777
1197
8665
1961
7785
9187
4823
4790
1720
9424
8719
2293
7532
7655
2396
3433
7104
9437
7171
3670
8281
6670
2773
7439
6631
1180
463
2516
9907
9987
8127
8497
3431
7240
6194
3445
946
798
9643
5894
7255
2787
4900
2075
9819
9290
7681
8911
4010
6074
2060
4682
248
7420
3660
1823
9766
6355
9955
2188
127
8718
8927
9663
40
1359
2316
5918
6969
9752
197
9163
4992
7814
8926
1404
3095
8568
2454
6029
1685
5162
7537
1646
8277
3884
4612
8794
1314
1470
4749
1857
3473
8756
771
6742
3934
538
1917
5119
5160
4835
6760
8964
9216
5056
1666
6324
5933
1818
2858
9928
1446
8768
6647
5932
3729
1846
4284
3586
637
830
4276
9538
1232
1255
5558
1714
865
4774
9874
4
8112
3007
9309
9365
6079
4802
9276
7211
2207
6391
8945
8622
1300
4211
3413
2443
6165
2097
9516
4174
5739
2143
377
9615
476
6970
858
9592
7709
3261
762
6
5675
2154
7988
8369
8047
8529
1285
4665
7807
7627
6595
5763
3125
8616
9529
966
2806
5744
9400
8779
9047
3425
6242
4204
9820
9420
3482
5880
9589
5399
1440
9389
9697
6385
9296
2587
1814
1483
3244
7259
1118
8016
8187
279
8746
5326
5978
6751
9975
5066
853
6392
9850
1108
7666
6236
1941
9847
5845
6808
2309
2437
1207
935
7384
4034
6725
3504
3472
3072
9306
323
4772
3169
2933
1205
5512
3868
3027
162
2330
1395
4481
8356
1425
921
1133
9887
8261
1265
3558
4641
284
6896
7762
1698
4160
7075
5759
9867
3736
7349
2070
3196
2741
2874
787
2839
3369
1680
4916
1808
1040
5246
8143
7970
5656
9071
9548
7299
5430
5283
3361
5248
8606
3641
845
6439
4582
1277
7199
320
4435
2648
1136
6256
2407
5155
2195
7664
6964
3474
9463
7674
3081
1474
6767
7370
1932
5800
8598
8371
9036
6926
9779
6185
5013
283
7625
9105
3291
493
26
1092
3219
8844
6898
3752
477
3712
8569
7214
6960
8471
9860
5662
8494
9998
7405
3048
1456
586
5658
7001
9790
8418
2643
570
8349
3097
7289
2297
7467
9807
7770
6522
974
4426
9002
3526
8166
80
3744
790
8391
9524
7862
6739
2376
6419
7397
71
1625
7851
2665
6317
3117
2983
2466
7800
4870
5686
2919
1654
3509
5879
7820
9284
5851
5831
6047
4793
4724
8536
8323
6500
3694
8151
4392
6871
2770
3109
2269
2473
3952
4541
9827
8295
1480
2018
5465
9063
8524
7017
8334
1816
5795
8124
1238
2036
6541
1128
207
5414
295
8737
8358
1441
7959
180
1323
8519
8466
9103
2640
416
6981
7953
4222
5098
4533
8215
9203
2974
9571
6545
5627
3063
2619
8625
5901
4103
1183
355
738
6358
419
8467
6933
6973
1776
6063
5292
6531
4344
4540
105
2119
8106
6821
9944
5647
2490
5423
2965
449
1075
3525
3535
9922
4775
4506
7898
2427
281
9344
1701
7856
534
2592
7367
936
3553
7850
927
8938
5456
964
9702
4627
8095
9383
1591
4874
253
747
4498
5122
2522
3893
7375
2337
5617
1186
740
1105
3375
2832
5921
7395
431
6034
3426
1452
5962
9970
9217
468
5031
3439
2881
9801
9961
8293
2196
9162
3843
2472
3362
1634
3817
4762
6366
6705
9223
4147
4258
2233
7465
4122
7065
9676
5103
2929
3409
4864
2603
1779
6130
794
7595
5442
4695
7922
6616
3584
1649
8901
4115
2970
5667
7182
5833
7219
8687
2109
1533
7736
7125
6405
7364
6129
8645
1894
2019
9412
8859
7906
4560
7266
713
6320
5240
7731
8227
2387
9579
9738
9724
8090
7437
242
9830
6614
9242
7745
2914
141
2123
5073
3056
1845
3390
1287
5285
2200
1966
6321
7022
9769
3686
2529
3854
7205
8834
298
2520
9151
2176
6345
4036
5018
3373
5850
1236
9137
8325
4229
9960
2050
1576
3865
1132
2132
7727
8995
6549
1054
5161
3963
5931
4100
257
8198
8683
4545
7472
2457
9392
8664
2935
7230
1250
3276
9010
5063
9865
3360
6036
4155
64
3806
6786
5594
5265
8157
2695
9805
6255
4336
7212
495
9411
1739
1184
3061
8213
8103
1087
9851
3931
4845
9271
918
1886
6908
4609
7756
7270
3395
9770
4842
5578
4266
9581
9825
2613
9553
3758
4567
5839
9270
7329
8961
1399
3024
6150
4927
15
7738
9566
3041
4002
6433
6627
9577
8818
7670
8474
3078
6978
628
3249
5101
770
4107
5459
2771
5355
4904
6753
2063
5498
8549
1103
7730
4896
8299
6381
6441
9005
572
1097
3688
9251
7854
7865
8675
9476
8782
8596
2402
1565
3338
195
7067
9490
5077
9168
4008
5212
8058
1117
1172
3112
638
4216
8105
9266
9856
7292
6272
800
2399
7942
5181
1430
3690
8679
8821
1003
9644
6735
9835
1058
8930
4647
292
3867
6310
3767
6286
3986
9366
1937
9382
183
4403
1221
2047
1322
1472
885
1486
8856
3774
216
5374
2555
122
9423
8401
5386
6099
8734
2608
4280
5009
1657
2432
1170
1727
7108
225
1229
839
5989
1708
3091
6475
7975
2031
8125
351
1639
9728
5393
6453
1688
5757
372
2370
7607
5856
6332
8626
8923
204
401
4184
1593
7545
8832
3954
6254
6723
8836
1916
4744
9563
8454
9733
7622
7304
2693
1289
3559
9469
3726
17
270
5169
3193
7813
8254
5779
6257
4881
8193
1546
5382
6847
3232
3725
8506
9274
6462
2658
5780
7825
442
8797
4077
3031
8405
2679
6033
6851
6418
9791
3354
256
1850
9351
548
8657
9352
1348
4669
6787
464
5380
3154
2449
3635
9725
7685
7873
6291
7393
9793
9199
3821
6988
5256
2634
640
6253
36
5611
7629
7559
1750
318
7910
2752
6932
2153
6600
9034
8868
5550
1176
6142
7608
4369
5972
975
930
8252
5571
4748
8940
8154
7847
132
6350
9218
4587
5019
7935
696
8353
1090
1842
8640
3678
7700
2908
6779
1163
831
9703
3226
2169
8877
2300
2596
1051
5339
5264
3524
733
6306
4865
2879
1084
1377
2515
1718
2534
4955
3718
421
7336
3582
9784
9317
5135
7005
3638
5178
8428
5234
6891
1706
9578
3937
7612
6836
2335
1656
6985
4078
9954
9303
2946
9654
4868
7649
3902
2896
7474
8229
3908
3312
6566
51
5232
8267
9031
1606
8803
9533
8089
5205
3956
3988
1600
6067
2133
1647
1171
2678
5416
4681
6666
4473
1650
3403
7161
1451
1561
8581
8402
2623
6294
5206
3998
636
412
9144
7668
2310
96
5723
9074
346
8773
113
2629
5038
7343
2252
6080
3859
2631
742
3476
8963
4189
8958
2533
6840
4028
7601
664
5317
4920
488
8360
9205
6894
5778
6313
8481
3631
957
6520
1270
6070
9323
8652
2463
7034
8885
2117
4738
5840
7501
619
906
1866
1928
9458
8648
3434
8504
1981
8701
1538
5875
8807
2468
1498
2020
5126
4116
1044
7937
6651
2531
4959
362
2550
2885
8345
4483
8318
1438
6636
9507
3612
9057
3858
934
1553
9962
7008
3107
3763
1958
8116
3212
5684
6792
1050
1896
3773
8257
9064
4338
1971
8308
5231
1239
2359
6721
4718
7816
6271
8612
7900
2988
9720
7284
513
6876
4666
3366
4141
1256
2315
1939
6724
672
1033
9600
6495
7949
2164
6373
6245
8330
4938
2915
1689
411
8342
7834
8690
2306
3907
843
8934
8879
9873
6296
2299
2122
7012
1642
8805
5956
9772
8978
6675
8522
7083
9070
4391
4386
467
904
621
1423
2372
6944
8947
5799
5678
1445
1855
9586
6654
5548
2769
486
5726
8386
9470
2422
6722
9669
8181
643
6032
2336
7821
4850
8935
9691
243
3001
6658
2189
6260
387
7114
3210
9436
618
2917
56
9923
1726
8244
9019
9388
5115
1670
8590
7483
943
2843
4307
2927
2139
1436
2507
5769
2864
5002
7066
2243
4597
6542
7563
369
4961
7050
420
457
9332
7250
8634
6014
3667
4715
1557
7928
8755
4887
4017
6564
4520
6076
149
1737
7123
2007
9871
6761
2434
6040
3307
3512
2261
8749
5771
5765
2887
2962
7651
7791
2094
4977
7831
3168
1574
4649
1435
694
566
7041
1982
2149
5637
3715
5114
8414
4767
7053
8119
9680
7836
863
7768
959
760
1993
7538
6957
3598
4584
7297
5609
9159
2341
7640
6855
4068
3604
6536
1029
1821
1537
3142
3518
7269
9118
8552
4006
3836
8636
3792
3814
3834
6154
5841
3987
9995
2112
2433
9933
2937
2859
1372
7082
5716
1350
3318
7173
3106
4783
616
1339
7886
9368
8783
7178
5975
3191
9542
212
4138
9652
1455
5034
8878
3018
5170
5741
1700
120
612
8404
6305
6262
8018
1188
9952
7652
6861
3337
5437
5134
4300
6269
911
1592
3496
6490
2576
5508
6023
6720
9239
1839
1367
5016
6795
7897
719
1274
947
8772
4691
2213
5510
5892
7446
9090
8777
8156
9808
8838
8412
4326
680
8385
9288
7265
1369
6854
5929
6344
9651
2759
7715
206
9394
9689
5471
9228
6258
1465
7522
6102
2782
2601
1794
427
2540
9325
8449
2450
2017
898
5762
881
4378
3724
182
6889
231
2577
2096
2265
788
8362
8983
9852
3691
1806
6865
5924
9761
7584
7162
1581
4890
8810
2339
9450
9588
7561
7688
2593
8485
5522
1801
620
3184
5872
2823
5027
4813
4304
2124
7895
7258
2174
6793
3467
266
4359
4770
2254
1113
7765
6501
581
7453
1246
4996
140
2811
4415
6980
3552
8021
4548
4111
4833
1462
2502
7509
4855
6238
5668
9534
312
9139
3978
9152
9668
7059
3292
6246
6593
7346
229
5453
1160
4911
8714
2704
8410
3450
2138
5783
2802
3549
4387
3991
2765
3626
9501
692
1910
6356
5358
9318
7764
9601
8696
5902
1341
4459
174
2460
3370
2419
5909
3938
8874
4325
8556
7914
2194
5881
7776
7912
4697
7750
4463
5028
6537
5774
8751
5940
5903
8441
5280
3871
1036
7554
5327
4766
9356
8216
8072
327
7961
3675
4512
2495
4049
8472
118
5794
5980
8587
3181
945
2045
6474
7955
3975
3454
7281
7141
7470
871
354
1454
1960
3083
5072
6430
3202
6622
3786
1138
2484
3540
3484
9369
3148
4931
8826
4971
2627
8477
1749
5409
2210
5493
5752
2554
9433
826
3174
9799
8735
3157
6530
4137
5052
3262
8790
6646
8605
6044
6447
4368
5316
7535
7772
5963
3554
7177
7303
2414
5761
6707
4372
3217
7228
6266
6679
4716
8643
676
4663
7471
9502
690
2026
1253
1324
1175
4381
4523
5708
9862
6748
2904
3958
9473
769
9312
6904
7605
5298
7982
6035
5847
8994
3341
4957
2567
9719
6810
922
3400
7403
6479
7947
7331
3014
4903
5354
4832
8748
951
4343
3129
5862
3441
8538
9479
926
2541
8644
8852
9185
6550
4429
6710
9745
4492
2279
4947
4084
1215
996
3420
2798
1884
1140
5586
9252
4598
10
2824
9207
1268
1106
3283
8895
8521
1243
4717
6127
6842
9279
5007
8403
4810
1168
1612
4984
6798
3489
673
2941
1161
1198
2953
2783
7106
8987
9662
9710
4089
1888
4460
6746
3311
135
1586
9158
5945
6505
5893
7019
6740
9494
4176
6521
1831
1885
1778
1609
9460
5421
1976
2161
645
4776
2438
1279
7245
9347
1781
8074
4142
5224
9822
5433
9645
6121
9547
9988
9148
1420
6308
1064
4667
8674
8913
8847
2708
2621
9521
7201
2611
9596
7904
5107
2232
32
5950
952
6390
4826
9831
6974
9575
7564
4730
310
7679
6025
8139
9599
8564
5934
1817
3589
3832
797
7321
1520
8122
8199
4914
9246
8870
9350
142
2412
3917
4418
8041
1653
277
9440
66
2289
1596
5652
743
8597
7680
4979
9025
883
3869
7146
4461
9882
6605
2192
9782
5446
7996
7221
2873
781
8981
4945
8591
5335
4858
8096
1343
8857
2444
9727
999
5411
3989
1336
8740
5653
3066
117
4410
4358
2822
8967
8922
4434
4272
9428
8306
6018
484
1086
2013
4220
9124
4059
902
3925
1393
7592
903
7879
3521
5088
1824
6951
7704
6402
2065
5173
4886
9453
1218
1912
8589
7090
3543
91
9294
702
7587
8670
3647
7464
1895
3701
6568
9465
7015
1482
1580
2428
5562
3414
2697
7615
1485
1893
8620
982
1169
3309
8341
5823
303
9243
9949
2724
3953
7546
2239
6342
1294
3610
3630
6283
2705
3681
1315
9552
9307
4218
7650
9541
3073
2575
1045
846
1613
4525
2259
151
1437
6212
8339
6886
2037
3876
4607
3299
4470
8800
9899
801
5379
7175
7448
4688
3218
7960
1858
4193
9449
756
5483
7131
1299
2131
4825
1876
3661
9157
4714
896
2127
6811
4136
3012
6945
1571
9794
2294
5657
5218
2723
7478
678
6702
1034
3564
5436
2852
4898
3985
8268
4458
9293
4244
1487
8706
9690
7753
9608
5809
6780
6805
1619
454
1502
3503
4351
4165
23
6037
7901
2095
3030
6789
1616
8321
70
1464
5079
4676
3324
27
7155
6701
5525
8238
2417
895
7293
1615
8210
5405
7442
9413
571
8527
5149
8140
9886
9612
5618
1181
1142
9544
6285
2850
4501
6519
7151
8420
2115
9102
4011
4558
1228
9909
5454
297
4632
2130
8853
2846
5588
2321
7534
9597
4822
6764
6395
9305
2211
9605
4310
8918
3222
2382
6674
4758
1134
4001
30
7616
7638
8380
8147
6822
475
5445
5257
8162
137
4818
4704
8765
6772
3499
2572
2719
1095
1421
4860
2268
4445
3297
9740
4260
9122
7089
305
4179
7958
3680
8479
9097
489
3992
5754
5392
3872
8937
8409
4876
2081
9743
8899
3979
2039
9539
1240
6111
659
9606
2995
8033
8100
704
2669
4086
90
857
8883
7755
4347
7747
7707
4026
4723
2470
630
459
8912
9866
3234
2982
8196
107
7515
3741
7435
6006
6261
5805
1273
6946
5208
4444
8329
8275
7187
1210
483
9493
9043
4496
1301
825
3622
784
3965
7673
8276
4472
6561
1773
6065
5729
1219
5806
1762
4014
9583
366
8567
9107
8726
308
5432
6105
4120
5060
2058
6830
9272
247
6961
5388
2324
2582
3221
9815
882
7339
583
3264
9845
2842
4740
6442
469
2212
6264
8093
575
8135
7676
7316
6868
6621
9974
7766
5785
1967
2720
7734
7116
8576
9976
5286
961
3601
4734
1392
4608
7275
3609
8381
4104
392
751
5312
1601
4233
4451
710
3087
1951
3251
8534
1661
5808
5566
6189
8375
9056
4286
8235
1510
8173
3625
4365
5592
6066
2574
7457
2069
5116
2726
9813
7223
4239
8444
103
9858
5874
8816
6110
1252
9902
8809
1713
8102
4659
7808
4891
4515
282
5569
5826
5821
4928
7920
5044
1999
3034
4149
3268
5081
2159
2670
8191
9872
2032
1764
3544
8010
2183
9346
7084
3098
9164
2262
6759
7213
5078
6633
1049
6190
997
5917
6800
6571
785
8310
9320
8266
1489
5260
6887
9814
3919
9425
2981
5676
1754
4621
9767
5634
5211
7060
6218
1828
5622
3995
1242
5985
6414
1822
1558
4885
8476
4419
688
3662
331
7204
8319
6458
1405
5747
6728
1288
3500
1579
9717
9062
8025
518
9075
3651
7055
6284
4976
1413
3534
8627
661
6591
6211
252
8949
8570
7360
2568
7040
7385
3102
6300
388
4575
7884
9557
2367
3984
4094
6108
6164
2560
3918
8148
6825
5680
2283
6062
2566
5742
848
6668
2441
4941
9289
289
8970
74
9937
4956
968
4356
3785
3133
3175
3966
4551
2022
4388
4467
3683
855
4820
3936
7932
4096
4348
1006
7206
8680
4124
9058
4462
3235
1624
6158
6603
3274
8001
4255
705
9842
4047
5438
8017
3528
4929
7092
3759
4168
1783
8264
2795
5596
1272
8988
2453
1837
6092
7888
6766
2909
9285
8464
5947
3180
19
8232
8159
6173
4572
9610
9698
4570
4114
5291
1080
5250
5887
4990
7399
7239
3213
750
6482
8347
5560
6607
2519
8110
3566
9278
4074
5572
8578
3591
7591
6231
3159
7160
841
3769
7657
1748
3945
492
2365
4780
4487
4393
1636
9049
7373
8129
5131
4448
7039
7656
8699
5519
9245
233
2440
899
6816
148
4486
3561
5624
163
8520
655
1870
9206
6008
5475
9316
5828
9946
2688
6208
314
12
6335
9419
79
8733
418
2712
9292
4655
8738
4267
3230
670
1231
6783
1304
3350
8698
7866
8903
9130
660
9623
9549
6456
2191
7639
8910
7260
3665
653
6357
2600
3730
8624
8531
9484
648
9385
7485
1589
3417
9248
3588
7702
7518
2170
5210
7137
8819
6635
2251
4800
6669
1309
3813
3393
5505
9053
4282
8962
2101
8882
1998
2411
3471
3914
337
9386
9127
9027
3606
2537
9375
4367
5011
8917
2657
8427
7333
5607
8762
6858
5766
5701
4972
2972
4707
8174
1213
6589
4962
8695
9982
1167
8861
7887
7594
5948
8069
6612
6553
158
8946
2840
2651
5513
4493
9143
3921
870
2654
914
2676
7052
3513
3648
6404
9154
2660
5825
3510
6147
9788
4479
9416
3177
869
9048
4275
1722
1752
3682
8658
8389
2556
3172
5470
2565
3152
4396
2420
8226
7966
8965
46
7412
9558
7967
2525
582
8916
5722
9455
9980
4687
7506
5528
4129
2421
1434
7484
1856
7186
5603
4629
9215
2492
5553
3536
6997
593
7832
3735
2030
8256
4510
400
4181
9457
9897
235
5906
7285
3920
8297
4301
8217
2902
2564
3198
6200
5743
428
4773
4862
6703
772
948
5733
779
4557
4970
347
2331
3911
6817
3113
6688
700
3255
9616
4546
5195
5509
6252
9511
6884
3428
7310
1665
1570
5203
7781
2274
7999
4422
5897
6144
2985
5705
3624
6776
8888
7613
5164
6602
2727
8729
3271
171
8820
2186
1740
6940
8813
2098
5987
1554
2646
3756
9359
3755
7979
8473
891
4303
3849
3611
7271
6599
6577
9935
7072
8951
2551
9280
9116
6661
5330
933
7252
6578
9326
485
3928
1333
7460
3093
7482
6166
6544
1996
2863
545
2364
7276
9916
6632
5040
3493
7678
435
8941
1712
112
5695
7517
2431
1690
84
5727
9648
4170
4935
7826
6450
1164
4534
1796
888
8731
9634
133
5885
5559
807
2110
4893
3523
3957
8384
9576
5533
153
875
2381
2014
9829
7044
1018
5118
7974
6797
4217
9530
1556
3140
6596
1120
8145
4043
6274
8508
3613
3794
9895
867
6244
1711
4294
238
2355
1407
1337
5866
2797
4531
9038
7014
9302
8177
1575
8900
9646
4670
553
5544
5639
2894
4423
2178
1716
877
8982
9753
820
4719
9110
7359
2264
5644
4580
7132
1302
4981
8619
6175
2584
5749
5215
9409
9486
4936
5057
6176
4664
1957
7288
6540
9925
1041
6499
3352
6382
4488
6581
3779
8043
6738
9739
3165
840
9506
4285
6243
8948
1148
2363
9039
3317
3646
7909
6424
6820
9448
1867
8079
4745
8203
3618
3941
5507
2922
7479
9373
4720
5142
2511
7306
6086
6686
4313
6727
1833
9953
2394
3269
2735
8131
1266
5526
7933
6956
2558
1838
8835
7837
9000
6436
6206
4324
398
2225
4087
4185
175
6183
614
154
4509
9311
748
4236
6235
1122
8766
4989
5323
6689
6224
316
3026
520
5156
4639
6202
2352
539
8370
7202
4987
3833
1691
3033
9467
2743
7533
7513
9914
2650
1195
448
6573
5699
9186
4611
6328
9778
6953
3164
7744
6846
4789
8484
4432
4033
2461
5490
2305
2570
3267
2890
5660
723
810
4502
7389
4702
8574
4442
8445
8436
5402
9225
3038
9798
7120
4912
1877
8711
6292
2523
5140
4983
2209
7876
4686
7803
3302
3146
471
3220
3656
2620
6471
2731
6322
3748
6198
343
953
3043
230
6138
8691
5216
2993
9936
5928
7476
3037
8327
2700
9894
5431
3215
2245
707
3596
3389
9022
2272
7504
3131
2356
4243
7136
2327
2599
3069
5573
3516
8153
4478
7523
4622
3778
6334
7602
7593
2024
9299
3173
4091
97
3096
339
5372
9979
2865
8886
18
8599
8443
8789
4811
1938
9255
2147
4187
1244
2656
5071
1735
3879
2513
7469
1030
9354
4497
3110
4112
2344
177
6163
4661
6162
3522
6954
2684
2010
546
9291
88
5900
824
1768
28
287
1765
734
2167
7263
1724
6715
7198
5876
309
4593
854
4877
1679
9182
7588
7647
123
5600
6136
4360
990
7323
9631
8250
9846
7142
5517
5873
2313
1002
5434
3545
4648
6912
5243
8029
4196
8489
8584
6907
576
7279
7018
3411
4329
59
9482
3750
8224
1085
6833
6606
5187
8986
7278
4224
2975
3381
1719
9796
543
5748
8710
1535
2425
7466
5443
5235
1224
1349
6878
5811
7511
8236
7379
8866
8160
306
6210
1501
4668
340
8247
6809
1683
8999
5039
9442
1562
832
3930
1542
1584
9773
9789
3372
4464
7695
6487
2375
5703
979
7404
5318
4535
7833
5049
7013
2311
9659
3023
2853
983
7335
6000
7621
9994
5977
5970
822
2028
7110
4277
9295
8786
1663
6174
1933
8246
276
3118
1797
5387
4395
2867
2763
1681
1173
1684
932
9580
8667
4727
2642
3677
371
3668
1352
3028
2875
1449
5261
4626
7891
6864
3531
2602
5398
7743
7253
6451
7408
7939
2891
370
7021
2377
7130
4164
202
8944
1512
5080
6375
374
5473
7723
736
9664
6386
2807
3874
1048
8939
8223
1297
8185
211
8641
5516
1909
5151
6326
4638
3634
9885
1631
5954
6832
6120
2628
9095
9304
6187
9990
4543
1956
1508
3976
9653
5091
7167
2753
9758
555
5043
6249
1798
6699
7943
2680
2462
9297
3367
1813
4437
2861
1375
7424
5810
2206
4273
1248
7716
3829
3108
5296
6497
1671
4296
5444
6733
5815
567
7334
1648
4519
9621
1767
5121
8954
9989
3888
9237
4024
5396
5645
9854
8579
1518
1121
7079
7503
4562
3652
1401
6072
1373
880
746
2635
2057
3669
1406
8097
4182
4843
4311
753
6472
8023
3713
4199
8337
458
6124
4004
3223
5870
7080
6781
7197
6476
9759
3819
803
1076
3082
6101
4657
6339
3120
8020
2343
4841
7699
5363
9176
1745
3383
7576
8167
3571
72
2702
7406
2837
7489
3466
8862
210
1540
7986
5300
3838
574
269
404
8368
8230
8841
9498
7889
5342
7320
580
1104
815
2086
166
2713
8007
8936
4069
5152
1411
1572
1296
795
8015
5455
3094
7443
8146
5294
4425
1376
5555
7514
6376
9264
1731
6454
646
2222
9505
2249
3600
4781
2786
6554
1000
8101
7180
125
7828
138
1028
2789
52
5486
1620
2955
1925
9201
1386
5944
5062
633
6145
223
6642
8780
7330
4969
7590
589
2964
8715
4108
5408
3443
9503
3788
6576
5952
7905
7248
8262
9750
7643
1728
9328
8562
5287
1200
7924
3944
6473
4566
6360
5971
4511
2284
9443
3282
8909
7792
2732
950
8462
7378
8776
6584
7497
2692
2905
4988
7569
6629
2135
5982
3412
3627
4476
6398
1467
7962
9128
2969
8960
6814
54
4406
6915
2286
5579
2224
5908
2804
1488
8416
1695
8188
6349
5037
4207
9345
3199
6885
1137
4203
8438
2214
2035
7583
1927
1203
8955
2395
200
410
9483
4373
1946
9543
1621
8516
6906
6934
6030
6126
8849
3321
2106
7356
2932
383
143
2860
3830
1368
590
6984
2528
5404
8455
3076
7693
341
4453
330
7790
5677
7804
4018
8457
4045
3356
7754
5616
976
7428
2384
8661
3776
3597
2652
9927
3166
6991
348
2236
9277
7300
4888
4637
9713
7735
4806
7027
7543
8539
5946
931
9817
8114
5295
2774
6460
4213
8615
3130
2746
5290
3062
8200
632
6071
3055
1479
3655
7498
3408
481
2357
2543
8255
609
6755
5406
6412
4589
6628
8163
9408
491
7185
5753
3342
7499
3224
9485
3498
8284
3225
993
1629
8778
1382
6039
3711
4892
2912
3550
4964
4897
6697
7076
4863
3599
1389
7940
2401
5613
2663
7049
2001
2151
6655
2034
2659
3981
3761
5095
6046
9504
8621
3469
9590
4895
8123
1067
254
8348
4765
527
6903
8511
4245
9931
9374
8183
4736
4328
8222
519
4857
9948
6963
4660
5321
1905
3192
8164
368
2901
1403
4899
4251
2197
9338
1278
4884
8950
380
2128
1345
6461
8115
9883
6478
1192
7451
3547
8500
9613
2509
2977
7235
9875
8218
5274
5189
2698
6625
8759
1887
5006
8022
4212
8107
1923
5582
5407
879
1303
5694
8685
2125
7195
517
7728
3977
9337
8607
3259
6060
7115
5000
8957
3642
1178
9434
5542
7145
6427
1902
1771
6232
5552
2886
1484
9893
4746
1370
9145
949
75
8304
5912
6681
408
4576
8333
4430
5154
4123
8413
3438
1551
8288
2049
7377
1521
4604
4689
2779
1769
3780
9261
4529
9456
4401
114
9500
6989
647
244
1189
3204
1385
8300
890
7241
7226
4271
868
9774
1141
3300
8753
5842
29
6048
92
1517
8966
1358
444
8461
5389
3950
7257
3903
3327
2179
1699
6167
4350
278
9641
732
1809
6396
7207
1209
1307
8573
2298
2080
8397
168
7318
2838
6304
6639
1443
9334
8426
7362
5055
9491
6693
4965
8104
126
7526
4223
3731
8178
1402
6987
1025
7812
7426
5773
3637
9567
124
3183
7911
8055
2527
251
4613
3886
3006
8558
2733
9855
1316
2351
9109
9678
3942
3771
7421
7170
8488
4428
5857
1994
9167
8650
9474
76
3163
7783
5099
8798
2956
4413
2725
2439
3415
1020
2446
1070
8456
9595
3537
1516
2563
8066
6010
1843
5790
4952
286
2118
6826
8314
4177
729
9546
6941
2278
5693
6592
9429
4254
4614
4226
1509
916
3410
9445
1871
5448
8601
9657
3229
2430
2498
1031
3831
8739
4171
466
3570
3214
7919
9832
2040
3896
1154
3448
2748
658
8086
6341
300
7572
9081
4399
9993
6133
7662
2730
3444
5451
4967
4939
2144
9454
9399
1463
2459
8672
8864
6281
1668
4601
4588
893
6806
2714
5196
6204
595
1292
5983
1100
1758
973
9771
6055
7047
3200
5849
5469
2325
8396
7550
6611
3380
4643
6020
9141
1226
706
9135
2581
8171
1717
1922
1131
540
349
8692
6609
8757
9165
2029
7980
5008
9834
2464
6409
5228
2614
4283
7925
2217
333
2870
5241
4097
294
7948
4247
363
7839
3256
6649
8669
240
8271
3782
8313
2899
7555
9880
9532
3698
3955
7758
6128
3770
150
4742
5420
2360
2597
6233
4315
4869
8823
5145
4289
8470
9715
9671
9417
8303
3933
6734
984
2945
4248
5221
5328
754
8822
4565
228
1757
5599
6965
6408
6075
2477
8460
5612
6365
8049
4635
8653
7057
2361
4785
9673
3057
4298
6214
720
9826
3240
5646
8920
7181
3167
7351
3672
4631
8234
5565
6114
5623
6737
4524
6125
321
2624
1432
4030
6330
745
6222
557
2150
8572
3926
8492
4353
5626
9984
7917
9193
5336
8366
8871
4309
499
4482
2499
5943
5920
9432
9104
9978
8493
3557
573
3339
8328
3745
4816
4219
1585
3077
4733
7577
683
3929
344
3301
4507
6888
7387
2307
8421
5576
6413
334
1587
98
5376
6338
4768
3020
6803
7733
3816
3593
1792
4221
3294
9878
1400
6221
588
8595
2878
8158
7348
1578
2553
8008
2271
4536
3470
6619
6278
9686
5776
1311
4446
8976
4411
5923
9247
5700
8613
1678
6393
1761
1611
2583
1284
739
1332
8880
8991
6706
920
4760
2548
3208
6506
9406
6663
7667
907
2814
5955
641
338
7229
972
6215
827
9051
6507
2397
3873
1519
9050
1123
213
2869
9269
5992
326
2053
5403
4882
3459
8134
9404
9099
3574
6139
5050
2791
4553
977
5835
2992
2644
7071
5629
6504
4834
2526
5760
2959
5242
9687
6288
9836
6449
335
1453
6438
9619
3313
6995
6510
9938
3119
7031
3753
4840
2794
263
1881
4652
6372
5577
2762
6346
2845
6662
8259
5014
3189
3404
6928
6015
3777
4021
9711
8091
2758
2776
4538
4121
2884
8220
1271
8890
381
8221
1929
9550
6207
4025
679
9958
2562
2898
9904
7718
6608
5941
8610
6827
2949
1862
3615
4628
5479
9694
9422
7196
2485
3248
9126
835
2618
461
4027
8717
4371
139
8551
3541
9402
6923
4954
3801
1832
5481
9257
6107
3344
7347
3904
2447
5527
2757
5886
8128
7635
2424
5679
217
958
2638
9096
1063
5325
6019
2168
1494
793
7973
8144
6122
452
4485
6890
5305
6996
1692
1193
6512
4205
7663
9712
5230
7247
4058
2788
1428
4753
1915
7619
9013
717
8037
453
7094
2722
4225
99
708
813
9073
8062
5789
7557
3766
6937
2059
1083
613
4414
9083
9869
6116
5620
9963
5450
9863
2436
8324
2931
2025
9229
2893
1753
8855
6774
3211
2532
136
3419
2237
8906
5225
6361
3298
7165
4861
3783
3993
8346
2976
7459
1147
3700
3139
4143
7645
6337
714
6051
7923
1955
1725
502
3258
9098
5717
6730
6149
2637
6197
424
9466
4829
4421
5914
4206
6267
5023
9636
2940
8278
4457
4032
1531
2142
9655
4625
2317
4119
2301
5217
1788
181
852
6994
403
7671
5058
6837
7711
8126
1534
1974
7737
2448
7977
4713
5067
1267
5229
3386
367
3453
3751
2092
6359
241
4477
7074
3960
478
3239
7952
3595
1424
7159
8507
4190
6859
6557
5171
393
6069
1997
6239
2910
1934
2521
3676
9023
2818
3123
4237
8269
5518
7915
5083
3644
3046
3866
530
9273
9363
8149
5664
3809
4930
6415
6897
5356
6624
3279
4268
6295
804
6470
1477
4469
2141
9714
5488
3456
4824
2266
7527
4978
4044
5926
8451
6468
542
1079
6852
5706
5951
3054
4722
6587
6007
3427
7249
1563
6892
322
2734
5269
2270
6743
3862
1177
1426
1926
3847
6873
8245
1115
6186
8050
226
6401
5370
2296
4362
6580
8408
1610
1523
4308
9153
1497
5303
6921
8320
7233
9160
901
3364
2163
3136
3515
6247
8933
82
6752
8808
9609
3659
3277
7311
1815
3347
5251
3336
8541
5520
929
1820
7188
5035
9439
6643
1904
1541
9535
3039
4452
2276
5642
7172
8548
5628
9220
6993
5543
1595
4683
7410
4532
4175
9591
5610
1522
6061
6802
5584
2682
7642
3270
245
397
9622
4060
4180
3818
8828
3674
3355
7486
1047
4249
6604
2847
3278
8647
5930
8503
774
1743
2552
4764
5329
7797
5709
7562
5530
8056
7818
7720
4322
4465
2892
2936
7111
7454
379
6327
8580
8892
8150
9179
9797
5793
5966
4082
4846
9598
3861
7539
5655
7896
3709
6297
3045
1995
5441
763
2536
7654
6824
6178
3619
1072
7524
2226
5601
3982
7301
2181
8928
565
5590
4398
7684
7033
501
8044
7077
6406
9812
6275
7189
1505
9531
5289
2854
9076
9964
3636
7150
8040
7902
2649
9398
2238
6524
6301
25
5341
8407
5138
6539
8747
3784
8996
7394
7882
1251
2403
2866
8302
3891
2413
3877
4812
3961
8161
8793
2230
8929
7877
2
4234
5415
7964
7324
1694
4380
1891
9231
4156
7101
9924
611
1152
5852
1635
3237
4405
5401
4696
6671
5986
4595
1530
3722
6437
7989
8860
4083
3855
7193
1638
4513
4312
834
9401
6113
8854
1766
8415
462
5106
1590
1475
1756
6073
1819
3939
2699
1854
7672
6747
4521
6410
4839
7355
8523
446
3757
6354
5468
1011
8662
6804
3502
6201
296
5042
8465
3643
3460
9221
6056
2253
654
7032
3323
1920
2043
4290
3542
4231
9226
1702
9161
5781
89
7648
5824
1155
3692
3912
2767
6665
8764
764
9026
544
8028
2004
8214
5366
4417
9100
3880
2076
4455
6617
8585
6009
134
9308
1408
4578
7646
7337
9522
3281
7633
415
2051
7128
7286
8298
1223
2938
7368
3331
3374
2469
9611
6248
6340
9376
3704
7740
1566
1431
1414
1892
500
7984
1447
2458
8383
4710
7383
5272
6966
1354
8745
9688
9472
6844
2926
3897
219
5529
4227
8068
2204
5996
6745
2716
3103
4321
3590
4291
2295
5281
4701
3398
944
1187
9573
7452
6850
4677
9640
2784
6935
395
7957
6718
179
1972
4088
9638
3870
218
7597
4376
6444
7824
4782
1602
5359
9268
7100
2003
1984
1597
2942
2108
2493
7148
7636
4859
3047
766
4591
9540
1962
909
6031
6704
6634
7254
2451
3105
3422
7317
5383
9695
2812
2921
1953
1329
2385
6002
3520
8340
5768
6652
5197
5109
1568
8045
2978
264
8189
5349
4809
7846
5681
1747
6782
699
8354
2475
5659
2913
2227
5495
9700
208
2496
3517
5598
7122
497
892
9870
7037
3539
6180
1529
3860
3332
5426
686
5460
6845
6899
6156
1023
1715
4172
2333
2605
3016
5048
8975
1458
1412
5440
6909
5190
220
470
8543
2442
6756
5253
7402
7859
5654
6778
441
681
9515
9267
651
6659
1212
3171
9934
777
782
1415
3738
1257
3567
2960
9202
8742
814
9426
7971
7571
510
6538
1513
5949
3378
2760
9341
6251
9564
2185
568
7222
5249
7134
3743
8448
4549
5144
8169
5995
9551
6717
3340
5556
2542
3253
8635
5500
9921
9642
6930
3848
7382
4728
5564
4636
5502
6769
1652
7582
2068
1770
2318
6152
9300
2997
4409
9115
2073
4747
9140
5184
7391
626
2930
4154
8897
8998
8639
8649
6618
7857
9125
2777
7117
2409
4837
7985
5278
4110
9079
490
2494
386
365
4052
1245
5429
2009
2145
601
1812
4015
9082
3673
5496
7724
1280
7976
7603
5895
5942
2916
9527
2474
587
6683
2054
991
345
4281
4518
4838
8921
8887
9364
7416
6005
3628
5191
1943
3924
9121
9633
2290
1249
4133
2152
3442
3188
521
3310
8335
1550
4135
6660
2571
4999
5732
3645
8953
3289
995
9403
5561
3501
9438
5911
6919
6115
2198
721
7881
4385
7068
8388
1810
9086
4194
5474
6570
1433
3576
8009
7190
8736
4905
9462
9370
6445
9200
9525
9155
6038
9582
8638
4692
591
8394
4389
8212
6494
6736
6112
3556
4910
8609
6403
5168
2639
652
5266
6771
196
1898
7760
1980
1024
7752
44
8781
3247
1970
9560
9065
627
2180
1830
4574
5024
668
375
8085
2715
6325
1547
3371
1109
5910
4561
9078
5394
6117
7179
3032
7969
3263
106
8487
443
7858
7614
9675
8924
185
87
783
2808
7002
5998
8205
7998
9751
5314
2530
4644
5222
7811
7660
6922
1448
8792
1959
49
5188
1013
2717
7598
789
7931
3994
8984
255
1903
3881
3490
6708
9763
291
4539
8364
4796
3357
6492
3384
7658
7926
9061
1258
1157
7282
2880
3795
8013
6353
6757
9001
2980
2129
5310
2415
5177
9041
2348
3465
2504
167
7713
7934
5276
8309
7599
8137
730
7842
6615
7232
6992
727
2856
5728
8889
2346
4797
992
4126
8843
5581
1361
3708
8285
5476
1469
8024
4101
5025
9674
2146
4128
3153
9881
759
2923
866
9117
5457
1026
585
3207
6713
4270
3272
8192
6446
6225
7450
4703
4370
3892
6440
7400
987
4997
8073
3650
8517
6042
147
396
5896
7371
6695
4316
128
3506
3497
9810
3968
4654
7088
4431
5128
4259
2994
8727
5130
5782
9940
9021
9554
1182
715
4953
1217
4880
9635
7570
749
5045
8311
5252
358
1374
8398
2205
1583
9857
4712
324
4922
6983
9214
6949
3144
7481
8802
4732
5899
1732
8301
9783
4420
6583
4994
2775
5003
5220
960
5064
465
9475
1785
1676
1066
2023
6384
194
578
6177
2747
2231
1127
862
2591
4547
8194
2889
5200
8344
3803
1863
4274
8326
7058
1099
8842
1325
1204
6420
4527
3333
3035
7026
4040
62
2345
8429
6312
8352
4798
2184
5816
9315
5792
9565
7843
2332
2607
9853
4210
4054
7694
8469
7845
3343
4062
1985
9329
1983
7140
5087
3666
3922
8656
6716
2816
908
1641
4441
7956
2016
4127
1019
8182
193
5223
2071
2136
5853
7231
2140
5755
4480
6054
1156
2918
5715
8972
5284
7381
3242
6485
9930
5602
156
2199
7302
5702
6423
8207
8720
1194
5503
1865
224
5537
8332
69
5698
3895
6290
2383
2078
2481
1908
5148
6869
8830
9020
5343
7488
6058
2423
7353
3852
4645
5306
5736
3036
8296
9322
222
9244
9603
2489
6839
3127
7203
5104
3
8423
6913
6690
4384
187
812
4056
9
7580
2928
8064
537
5750
9705
8509
7322
6179
4633
3734
2275
7508
5277
3156
4436
4653
8099
2625
9477
624
1039
3349
6962
7809
7095
1693
7782
1539
4364
6196
765
7978
8060
2903
3145
610
5478
95
2944
1351
3548
2819
3946
547
7192
3019
4188
1782
9496
8305
7568
7157
1880
1567
6493
9321
6653
9447
4382
649
1312
5964
4795
2834
8121
7063
9685
7024
4468
6585
188
7295
6799
1827
7401
2979
7256
9446
9094
2091
4499
5595
1201
1397
8480
9077
7308
7418
724
8512
5129
6095
9132
2764
598
3894
3890
4038
561
7006
9452
6480
3962
6195
9378
1320
5472
1954
5466
8343
703
93
4993
3209
8770
9208
1883
9903
5364
8829
1331
7086
3663
5347
3330
7124
9735
7291
8646
5844
4592
603
7669
9781
2954
2545
129
1853
8867
9570
2260
6762
4906
9435
5192
6848
7510
7093
4377
9748
6773
3114
299
4787
7183
8801
7810
3461
1507
9999
4975
4246
6428
1119
1129
7345
8561
7507
8811
7777
9704
3228
2524
811
8565
8172
2857
6043
1107
3781
7390
1911
9084
5020
8848
7991
5338
6594
962
9156
1098
2085
5965
2939
8417
8355
9884
3530
604
6489
6744
8833
9427
913
6155
8039
5391
9721
9959
8618
1102
3358
4073
7830
4872
41
3802
6648
3304
2768
2580
3143
9282
317
7997
9889
2677
2182
5915
6268
3406
1872
3329
1793
1918
2674
5004
3841
8431
8004
2906
3479
259
1158
4152
5812
4674
915
6078
3824
5385
4847
5360
498
6431
9080
6467
8559
2114
8098
5100
556
7380
728
2606
7739
7610
7690
8788
8392
5735
2353
1043
7361
532
9175
9840
131
2934
842
1879
2987
5485
7677
1112
232
5633
7631
9910
1364
3185
5070
6203
9965
8374
5245
8057
6168
8390
9892
9444
1604
1379
9708
9357
2736
119
837
4651
3827
2044
2766
6914
6843
5907
2999
7296
3898
2841
2569
4819
4072
9520
60
1789
5830
4012
4035
7274
786
5113
7578
5625
5818
7701
8495
4200
8179
6280
5176
1225
9628
8063
1306
3702
357
6547
5307
6509
6525
3392
8891
6383
8030
5981
528
4178
4658
7604
7118
4803
9146
3807
2386
8419
6918
2410
2796
5320
7536
3266
3245
6333
5236
506
7519
7105
1864
9947
6534
6374
5279
6750
4080
4889
1874
3284
5097
5967
81
7112
2429
4564
1987
4081
5180
9574
3160
1763
7502
480
6770
5449
4145
8873
6696
5053
1504
6097
5367
5859
8273
8071
5337
6389
5713
4105
6620
8716
6146
1162
7726
3983
7283
8571
7983
7689
7875
1035
8898
3973
5697
4158
9129
2006
1848
1549
4998
4491
5834
6371
900
1503
9233
2973
9569
7209
2801
121
3575
8642
1089
3488
5263
758
8754
8357
6853
9222
7078
7376
8228
6343
564
3581
9912
6565
2157
6184
2203
7147
1234
6546
2594
3141
1202
838
6426
7520
9627
2334
3947
8869
8365
1623
3762
5133
9017
9253
9431
4805
4117
8663
4055
5635
9184
9843
2208
5649
3959
246
8553
9898
3703
8059
796
9384
9630
328
7553
1429
5938
2171
4516
3243
1988
6059
9198
7313
3363
5621
8919
3764
6084
2557
5255
3429
3405
3697
5643
7242
6488
7194
2641
6477
1077
7030
3996
1237
8274
3187
385
9992
2868
5021
6517
7516
9173
4866
4134
2622
7992
258
6548
3158
970
9133
9313
5348
2452
4332
8611
6309
2579
8186
4390
4093
8586
1730
3577
5960
2729
5165
3714
9572
2102
3927
6719
8603
2021
3664
8839
4568
757
806
4295
3719
917
6362
7357
1015
8165
3058
3075
6567
558
8973
7447
535
6434
9672
6191
7585
5082
2104
2711
2710
3051
2077
2826
9537
352
1071
7579
432
2616
8152
3260
7340
5085
8282
4596
4656
6432
2292
7085
7913
5925
2285
4831
7761
6083
711
6775
9919
2277
6917
2093
5054
3022
262
9607
9275
7164
4079
9210
2907
7153
288
1116
7696
6259
3275
5477
8231
8763
2491
5452
6998
1614
1233
2990
1394
4634
6515
9330
8914
1515
3974
4946
2701
9760
9256
5692
8170
5017
1276
9823
2675
1261
5030
2848
9809
7267
6057
7051
1669
4771
8990
1834
4761
7169
280
8120
8387
994
1328
364
7493
1772
2958
8637
5854
2772
9298
3319
1644
9967
8014
1342
6090
4466
4851
8671
809
6234
9593
2241
8463
6336
8286
6875
8795
2673
2216
3195
600
1744
4902
1078
9134
5350
9950
6862
3909
6425
5
9849
1952
6990
2456
7490
9973
3562
7786
155
9183
7581
1468
8501
1780
6148
9044
272
2828
1466
4830
7432
4680
5738
7763
8206
622
2984
7644
9755
1216
9519
3822
2234
382
7838
4208
4003
5233
3040
2155
1841
5068
569
2703
938
4919
234
5730
5105
4794
9614
1390
8249
5492
9108
9012
3789
2514
436
3250
6463
4106
3620
6831
1490
1283
9649
8628
439
1836
4051
5120
8865
7547
2320
8544
3314
2862
6205
1166
8908
4528
5096
2246
8291
6085
919
3765
3810
5691
7427
9594
8681
8452
7158
5538
8707
4000
8752
1709
4042
4037
6656
7708
3629
4873
7544
47
8969
7710
2134
1460
4517
9777
8814
4061
8046
7264
1965
9839
9888
4317
8668
6157
5124
6959
1286
8242
9180
4804
7154
8138
1388
5340
7480
3723
872
3186
9396
8630
8251
4602
332
7721
4031
7168
684
1088
3132
9918
1264
9212
205
8592
9067
2089
8993
9379
2829
7419
7556
2479
7793
4433
9787
6131
7551
1396
6068
7099
6943
8931
4090
3387
2911
6680
7927
2354
4191
3085
5010
7712
1295
7823
5108
4600
3578
9191
9123
4166
3385
6004
250
3015
523
3197
1978
456
6378
3679
5822
9265
7342
4699
7492
5506
5332
5153
8730
6394
9240
3742
8155
8287
7722
5531
1552
3322
1330
6024
2998
5665