510
433
466
96
675
60
613
127
670
761
923
280
899
172
267
386
859
157
712
354
24
848
926
650
51
956
965
776
163
153
812
276
87
745
476
895
120
361
482
33
80
18
271
706
942
132
831
261
924
752
94
454
607
227
184
880
223
786
999
497
36
646
32
129
827
31
553
930
667
798
53
58
437
703
773
332
451
140
707
832
580
598
68
950
67
535
665
72
436
872
124
959
149
767
305
514
760
701
823
511
678
30
463
783
769
210
116
658
818
372
722
515
825
817
807
233
886
709
640
837
643
838
960
431
11
692
849
467
240
221
910
641
50
255
971
759
970
144
378
409
353
512
933
791
790
303
495
228
319
324
962
713
570
548
550
260
135
215
918
297
986
194
241
883
496
799
97
150
908
563
408
136
159
477
781
736
14
397
648
229
561
469
387
202
244
896
3
489
856
262
795
346
8
750
900
459
49
138
390
205
765
107
396
63
740
460
729
204
17
4
300
569
142
360
913
253
508
399
756
311
577
111
941
992
366
283
174
487
309
762
395
308
403
359
822
258
739
57
75
13
811
531
975
333
186
596
974
61
167
927
994
528
224
906
801
743
983
462
37
246
6
568
78
633
664
201
340
237
636
424
560
85
257
687
581
605
615
450
803
862
498
617
342
379
647
71
662
254
697
478
945
77
588
542
574
977
352
720
995
81
161
41
772
29
207
208
370
546
95
209
876
188
64
465
661
584
286
836
197
684
293
624
583
146
572
523
22
936
533
668
358
982
635
484
337
382
45
23
192
488
490
979
446
778
335
98
549
967
347
114
608
521
937
20
418
440
742
996
351
516
737
251
206
213
89
27
732
284
485
614
599
539
885
417
263
870
839
690
953
123
413
368
216
74
412
373
103
536
763
604
651
597
307
428
9
82
940
746
407
461
784
898
637
734
889
471
472
377
494
505
683
415
976
529
731
414
265
882
91
520
718
281
770
559
84
272
175
796
843
448
420
721
921
702
890
54
949
362
429
435
384
499
164
294
302
449
878
846
506
686
331
115
787
989
538
958
724
696
966
642
295
748
813
65
137
857
833
660
288
46
632
855
657
234
544
939
868
719
381
904
348
621
147
594
432
339
530
125
840
935
456
330
723
792
225
842
766
810
198
421
341
442
946
270
794
600
534
139
434
728
672
916
1
705
343
500
893
375
474
780
195
785
152
245
579
618
513
715
122
788
519
394
393
447
964
336
365
398
62
468
815
537
56
875
219
40
304
322
430
214
349
44
874
804
730
479
344
190
654
695
704
168
609
269
458
903
310
955
887
385
166
972
922
527
218
677
985
873
289
193
892
392
320
176
439
416
749
871
902
819
567
143
679
944
191
556
987
275
905
504
285
968
589
566
292
5
914
699
576
66
242
814
217
847
453
919
663
503
509
16
951
805
627
616
42
628
802
828
189
867
680
493
620
34
573
185
645
522
998
121
274
247
470
7
70
733
155
404
988
606
410
907
727
401
282
52
277
110
452
133
26
151
131
540
888
196
844
674
869
427
156
230
806
273
226
180
671
708
25
441
502
764
105
177
199
861
79
203
113
249
278
239
981
554
541
954
666
777
866
345
586
130
108
891
897
638
380
321
920
623
287
779
993
997
735
296
851
220
100
55
323
405
931
714
676
911
38
928
211
128
947
771
76
444
863
639
158
501
69
564
854
334
316
83
575
585
117
268
693
601
591
587
590
134
222
290
917
231
578
313
793
317
558
830
630
154
673
602
200
160
525
932
551
829
894
480
694
187
21
126
314
524
689
901
43
92
626
809
517
90
909
212
367
145
183
118
943
603
238
782
688
355
532
797
483
507
593
864
948
816
612
312
73
925
963
978
543
562
315
119
328
845
169
374
423
852
789
376
279
170
744
12
402
165
327
232
653
631
338
250
86
481
860
10
299
369
961
557
259
101
438
104
326
850
611
371
518
865
419
306
758
826
592
629
681
357
698
565
821
243
252
552
464
691
47
171
884
775
301
984
256
853
634
755
980
178
39
622
391
877
655
710
109
526
383
555
711
426
644
148
753
652
610
915
990
738
934
363
768
929
486
685
969
473
106
88
912
266
824
952
625
445
318
820
751
545
411
2
725
181
99
547
716
162
291
422
19
173
1000
492
726
754
835
235
808
102
747
669
364
757
112
457
700
834
236
879
298
15
582
443
938
182
595
35
649
406
455
48
325
682
329
957
400
356
881
571
388
59
717
425
93
656
141
389
741
475
800
28
841
264
858
991
659
973
179
619
774
491
248
350